139
182
111
185
135
103
133
148
133
152
129
172
182
124
170
189
139
104
198
139
196
167
162
122
195
149
113
157
187
157
152
104
193
168
105
110
127
180
167
134
174
176
126
142
181
177
157
180
171
150
148
135
188
194
116
196
144
183
197
125
114
166
136
100
197
147
101
172
140
129
170
148
128
131
154
164
183
194
181
181
184
180
176
149
145
187
150
175
160
140
140
136
181
193
131
116
165
110
168
119
130
180
109
182
118
172
140
145
146
102
198
181
188
151
124
129
182
153
171
177
126
167
140
179
147
116
144
171
121
110
132
151
124
173
123
171
146
188
148
135
191
153
138
132
111
106
182
166
187
106
159
161
150
176
127
103
141
163
178
149
108
178
168
122
122
149
126
154
134
122
164
110
110
171
183
112
120
151
110
128
158
125
141
107
152
143
130
170
130
131
127
185
166
113
133
130
143
168
144
124
164
189